000126
001198
001876
000140
001127
001461
001944
002692
001585
000435
000004
000782
002453
002119
000369
001443
002335
000987
001598
001151
002157
000299
002198
000293
001252
001796
000237
001660
002599
000417
001479
000820
000791
000744
002108
000363
001182
000311
002572
001509
002047
002376
000584
002100
000848
000658
000111
002449
000172
000331
002272
001691
000725
000720
001658
000499
001847
002473
001767
000138
002714
000152
002617
002592
000951
001820
000098
001165
000913
002755
000960
000409
000773
002088
001527
002610
002402
000599
002297
002142
000789
001218
000992
000426
000938
002759
001637
001371
001477
000678
000372
001296
000480
000374
002263
002159
000892
000492
000137
000839
002544
001568
001980
000708
001038
001806
001786
001376
000574
001927
001136
001335
001212
000353
001082
002530
000592
001855
000217
001091
000679
002262
001619
000955
001689
001829
000345
001627
000006
002039
000928
001330
001809
001831
001102
000586
002086
002618
000274
002229
001845
002150
002705
001550
002627
002429
000167
001570
001578
001920
000589
001311
002700
000064
001181
000907
001429
001312
001076
000309
000662
001905
000148
000974
002182
002486
001246
002351
000653
002729
001423
000857
001090
000537
001211
001610
001828
000183
002178
002452
002249
002202
000728
001067
000267
002103
001674
002048
001481
000205
001653
000231
000697
002225
002179
000943
001388
000724
001420
001685
000049
001807
000845
000660
002059
000239
000834
000027
000880
000945
000396
002064
000483
002403
000984
000706
000141
001948
001343
000734
001025
000893
000255
001087
001320
001093
000076
000996
001209
002052
002363
001544
001454
001908
002155
001405
001188
002691
002218
002458
000410
002287
000665
001690
000513
001766
001322
000747
000466
000479
001101
002511
000661
001199
000890
002425
000354
001949
000953
001382
001609
000052
002582
000298
001506
002715
002255
002106
000080
000527
001392
000588
001444
001827
000093
000976
002522
002696
002089
001367
001351
002248
001120
001397
000670
001099
000809
002065
002749
000712
001338
002049
001447
002481
000717
001116
001118
001586
000347
001890
002104
001520
000067
000330
000693
000776
000008
001801
001791
000053
000018
001009
001851
002641
000921
002316
001816
000792
000013
000560
001094
000729
000727
000756
002319
000620
000210
001612
000134
002295
000684
002380
002007
001573
001576
002300
002296
001285
000698
001064
001459
000711
002551
002105
000383
001659
001213
000750
001993
002251
002205
001825
000914
000326
002670
001979
000201
000026
000909
001177
001990
000993
002381
001463
000843
000564
000041
000558
002436
001507
001089
001138
002129
001020
000963
000656
001897
001107
000291
000696
001765
001530
001644
001074
002432
000934
002526
001673
002628
002652
001743
000810
001411
000484
000746
002294
000397
001960
002373
001713
000967
001681
000100
002001
002224
001595
002507
000576
001921
000741
000965
000179
001014
001959
000580
002412
002264
001873
001824
001935
000595
002379
001293
001245
000364
000831
001918
000104
000155
001135
000437
000701
001012
002595
002479
002437
002490
000578
001923
001208
001493
001662
000425
000368
002036
000933
002375
000071
000523
002546
001036
002512
000713
000758
000348
000250
002725
000519
002209
002153
000471
000786
002712
000359
000430
000209
000244
001172
002394
001141
000458
001060
000806
000498
000610
000585
000983
000785
002697
002360
000106
000324
000930
000424
001359
001180
000161
000869
000149
002673
000343
002745
002657
002070
002015
000879
002525
001071
001832
001286
002189
002061
000032
001892
000068
000927
001995
002247
000932
001201
001434
002365
000031
002392
001954
000072
000695
000261
002739
001761
000840
002690
000816
000940
000751
002145
001833
002681
001226
001003
001278
000813
000405
002713
002538
002102
000517
001580
002200
002509
002665
000069
000531
000646
001821
001744
002613
002009
001670
001749
001066
000150
000800
002660
001254
002541
001251
000320
000805
000780
001607
000612
001498
001508
002355
000652
000094
000184
001061
002268
000547
000775
001754
001648
000247
002044
001054
002163
000033
002298
000926
001347
002625
002099
001548
001965
000453
001638
002291
002241
001022
002555
001035
002020
001762
002678
000194
001501
000227
000252
001984
000011
002032
001951
000171
000630
002058
002581
000206
002529
001736
002464
002565
000625
001140
000637
001963
001234
001732
001617
002152
001991
000674
001910
000601
001693
002504
001279
000450
002388
002135
002385
002434
001750
000602
001403
000655
002293
001588
002107
000062
001517
001274
001344
002400
002591
000704
001695
002060
002371
000212
000494
001203
000829
001854
001818
001803
000316
000570
002160
002654
000567
000668
002078
001513
000544
000851
000135
000406
001679
002325
001133
000378
000084
002253
001150
001406
000700
002642
001579
001217
002228
002443
001422
000675
000218
002399
001475
002239
002604
000487
001383
001655
000877
002549
000083
000591
002761
002111
002566
002328
001739
001491
002195
001604
000692
002514
000091
001880
001323
000114
001004
001164
000573
002433
001042
002397
000473
001922
000819
002284
001378
000401
001896
002407
000157
001932
002647
000005
002593
000158
001701
000986
001843
000164
001291
000886
002644
001257
000198
000821
001857
001363
001943
001772
000215
002320
002389
002688
001575
001232
001872
000043
000885
001105
002285
000392
002213
002349
001495
001267
000855
000125
002578
002057
001104
002704
001008
001331
002550
000477
002164
000233
000868
001782
001231
002346
002424
002367
001724
002154
001955
001342
000824
000837
001562
001026
001410
002629
002608
000101
001112
001385
001861
002698
000146
000282
001174
001877
000060
001774
002356
001994
000511
002699
001220
000760
002462
001956
001370
000596
001305
000830
001452
001811
002736
000478
000351
002094
000755
001187
000443
000024
001916
002115
001337
002345
000639
001999
002378
001221
001340
000016
001711
001418
001885
000460
002404
001168
000842
002475
002087
002488
002723
002151
000288
000433
002246
001707
001237
001408
002172
001718
001470
001849
000254
002586
001883
001600
000246
001858
000297
001748
000559
001925
001837
002746
000571
000608
002707
002079
001642
001019
002588
000649
000667
002763
000752
000859
001002
001121
002636
000979
000313
002190
000575
000023
001069
000413
000050
001730
001023
000357
001640
000529
002498
001400
001152
001041
001445
002187
001222
002148
000598
001223
001202
000221
000235
000636
002030
001438
000501
002014
000455
001210
000957
002336
001822
001380
002639
001763
000548
000784
002735
000506
002158
001846
001500
000361
000139
001553
000040
000265
001204
001374
000535
001889
000657
002612
001634
002071
000683
000952
001900
001569
001649
000515
002374
002280
000878
001988
001216
002029
001162
000998
000771
002273
002558
000590
001065
001687
001694
001357
000336
000249
001183
000203
001145
001661
001924
000334
000735
001259
002491
000113
001049
001591
002118
000911
000263
000204
001389
002344
000170
000256
001170
001449
001271
002028
002236
002093
001070
001233
000688
001098
001682
002289
001059
000514
000187
000463
000555
002082
000538
000349
000491
001072
002258
000404
001631
001712
000864
002121
001175
000770
002042
000550
001353
000978
002430
000654
001386
001191
002646
000271
000048
002117
000259
000794
000381
000999
002672
000687
000609
002760
001906
000526
002364
002334
000525
001815
000036
000407
001412
001356
000664
000633
001476
001725
001126
000862
002548
000365
001596
000768
001768
001971
000412
000672
001697
000059
000418
001874
001987
000856
000037
001336
002465
002281
002730
002482
001669
002393
000175
000551
002716
002309
000583
001823
002459
001346
002140
001417
000213
000303
000020
000562
001505
002269
002637
001755
001362
002085
000144
001086
001886
002222
001539
000964
001795
001266
000818
000643
002340
001466
001200
001794
001487
001379
002741
000193
001566
000177
001721
002322
001016
001914
001909
001986
000883
000707
000671
000811
000628
001051
000078
001699
002515
002267
000377
002748
001677
002203
001050
002492
001696
002752
000090
000923
000962
001129
001441
001268
001819
001740
000335
001456
001190
000456
002417
000236
001077
001856
001799
001597
001263
000258
002706
002226
000058
001430
001973
000710
001402
002500
001781
001865
002062
000903
000185
001582
000421
000971
001196
001238
002041
002545
000898
000828
001636
002214
001391
002422
000614
002662
002535
000762
001006
002454
002021
002426
001085
002536
000225
002743
000634
001214
002501
001756
000073
002455
000510
001543
000939
000508
002694
001587
001773
000721
001010
002516
002256
002136
000616
000459
002181
000429
000621
000436
000778
000352
000275
000884
000394
001480
000680
001798
000989
002708
001651
000641
001178
002091
000640
002648
001680
001710
000774
001800
000002
001081
000732
002585
001903
002084
001601
001249
001839
000901
000130
001952
000593
000414
002359
000887
001415
001663
001084
001528
002620
002508
002368
000703
000503
002683
002751
001723
001442
000958
001416
001037
002577
000533
002621
000219
002689
000366
001592
001186
000546
001154
001844
002143
001560
000457
002170
001919
002098
002717
000889
001282
002133
001440
001171
000476
000332
000825
001315
001139
002724
001706
002567
001547
002177
001063
000079
001788
001842
000387
002605
001219
001584
000129
002235
001871
001033
002354
000432
001502
002661
001623
000189
000119
000188
001205
002598
002666
000281
001462
001053
001780
001387
001206
000906
001621
000452
001515
000522
001675
001465
002645
002183
000858
000611
002664
001540
000722
000034
002144
000045
001176
001546
001928
000502
001558
000344
000350
001581
000022
002674
002201
000622
002626
001377
000117
002596
001817
000642
000959
000779
000648
001034
002275
000375
000029
001334
002597
000924
001484
001092
001537
000370
001901
001958
002447
001535
000096
000251
001073
001705
002223
000493
001666
002000
002667
002002
001518
001242
001785
000604
002527
002524
000464
001559
000767
001714
000835
002607
000659
000105
002304
000705
001130
000295
001850
002531
000415
001683
000553
000132
001860
001062
000607
001996
002211
002386
002149
002764
001777
000010
000504
002387
002468
000629
000462
000524
000891
002127
002051
001583
000947
001532
002457
002184
000623
001455
000438
000159
002131
000944
000673
002134
000416
000931
001474
000082
000961
000826
002174
000972
000086
001708
001808
000814
001394
000631
001088
001159
002737
000287
001552
000561
002601
000594
000635
002207
000200
000482
002116
001894
000007
002233
002521
000737
000310
000766
002742
000224
000769
000107
000099
001316
000226
001269
002045
001354
001997
000248
001629
001950
002055
000823
001602
000423
000870
001745
001407
000147
000497
002006
002034
000355
001052
001692
002756
002260
000465
000284
002634
001155
001289
001549
002663
000936
001433
000028
000539
001564
000017
001616
001599
000895
001160
001917
002128
002333
001253
000617
002471
000681
000565
000279
000915
002192
001834
000030
002161
001866
000308
000788
002720
002554
000208
001622
000307
002331
002728
000123
001523
000322
002076
002312
001606
002054
000863
001435
001399
001096
001326
001753
002733
001224
001635
002709
001934
002477
002332
002282
002622
002278
001248
000241
001836
001759
002053
000942
000061
002162
000051
000715
000081
001863
000757
002012
000968
002063
001488
001057
000990
002361
002315
002266
002008
002286
000474
001106
001044
000165
002125
001207
000937
000988
002682
001904
000632
000379
001241
001471
002496
002584
001264
002372
000566
002302
000488
001656
002722
001390
001561
001983
000854
000346
002576
001310
000738
001931
000042
001793
000624
000832
001720
002350
000021
001056
000386
002321
000540
001375
001372
002505
000461
000182
001473
001590
000981
001913
000427
002624
001953
000044
002494
001779
002762
000916
001046
002537
001393
001368
002257
001328
002466
001332
001314
002532
001760
002587
002640
000742
000761
002206
002485
001614
001672
001131
002191
001300
002557
001436
001325
000163
002180
002569
002579
001664
000618
002124
000597
000285
002240
000796
002126
001292
000238
001776
001812
000997
000956
002710
002139
000545
000866
000900
000694
001628
001594
000269
000428
002277
001432
000385
001239
000807
002390
002383
001879
002444
001605
001624
002506
001000
002073
001961
001225
001361
000541
001742
000685
000196
002366
000772
002415
002489
000230
002101
002167
000097
001735
002750
001529
002651
002766
000399
000827
002653
001722
002568
002611
002513
000977
000419
002342
000142
001364
002323
000000
002307
000615
000333
002254
002573
000280
000300
001134
002408
000865
000846
001275
001028
002357
000852
001247
000518
002043
001589
000440
001166
000341
001737
000358
000109
000481
002478
001169
002669
000314
002463
002410
001551
001114
002445
001915
002186
000556
000131
001425
000920
002306
001504
002431
002615
000581
002173
001303
000882
001195
000876
001521
001333
002711
001998
001228
002703
000690
001534
000001
000536
002564
002580
000229
000815
001048
001485
001437
000160
000954
002274
002638
000223
002215
000804
000162
001290
001324
002081
001891
001868
001497
000568
000046
001525
000242
002753
002317
001618
001464
000577
002244
002188
002659
001650
000718
000121
000801
000512
001250
000871
001802
001284
002419
000669
001011
000302
001339
002519
000222
002391
000905
000260
000917
001902
002046
001665
000468
000582
002090
002510
002265
001283
002655
000941
001784
001625
001395
001930
002693
000047
000382
001244
002732
002600
002338
002396
000530
000408
001939
002037
000304
000124
002540
001068
002677
000505
001571
001726
001524
000730
001741
002137
000390
001503
000982
001716
002442
000822
001968
002303
002614
002502
002283
002313
001299
000173
002237
000991
002754
002534
000763
001373
002288
002279
001235
002619
001752
000973
001813
000777
002337
001657
000764
000108
000467
001978
000691
002414
000975
001981
001015
002744
000739
001887
001882
001620
000327
000294
001810
001083
000626
002484
002146
001167
000470
000874
000128
002727
002314
000808
001431
002497
001439
002092
002574
001381
002123
001945
000257
002623
000798
002395
002719
002217
000270
000154
000709
000371
000360
001001
000228
000339
001298
001514
002405
002075
001989
002553
001109
001158
002261
002603
000861
001366
001005
001192
002252
002033
002575
002499
002542
000985
001975
001940
000795
002193
001704
000009
000579
002004
001468
002310
002676
001427
002077
002520
001184
001728
000542
000329
000797
000970
000120
002259
000325
001230
000650
001771
000897
000014
002141
001143
000245
001189
001276
000070
001826
001302
000702
001556
000367
002518
002523
001941
000520
002018
001608
001848
000169
000075
001510
000587
000663
000844
001490
000833
001295
001775
002734
002635
000278
002242
000400
002701
000740
002122
000178
001128
000066
001947
000495
001193
001483
002493
002533
001329
001972
001758
002420
000783
000793
001262
002216
001789
001258
002227
002114
001633
000273
001668
002301
002311
002370
001639
000867
000449
001512
001255
001898
000500
001179
000647
002171
001132
001451
001024
001985
002112
002212
001489
000812
001137
002631
001764
001783
002031
001306
001870
000486
002023
002339
001115
001424
000122
000092
001113
000143
002401
002416
002016
001122
001194
000723
000315
000115
001969
001574
000896
000888
002649
000176
000035
001421
002695
002474
000441
002308
002221
001294
001593
001272
000446
002353
001977
000613
002439
000472
001937
001895
001453
001884
001243
000180
000699
001912
002423
002199
000190
001646
001007
001350
001700
000411
002276
001747
001110
001869
002072
001047
002040
002398
001185
001304
001899
001161
000948
002556
000186
000019
001149
001260
002176
000994
001458
001841
001643
002460
001142
